13 0.533877 0.226474 0.218319 0.430364
13 0.716437 0.313676 0.191970 0.574655
13 0.915464 0.311167 0.168444 0.594730
13 0.809128 0.679423 0.324655 0.181932
13 0.765370 0.868883 0.143036 0.237139
13 0.910289 0.865119 0.111041 0.249686
13 0.623275 0.798620 0.088457 0.355082
13 0.526819 0.561481 0.111982 0.302384
13 0.482120 0.825596 0.088457 0.291092
13 0.319322 0.877039 0.120452 0.198243
13 0.189460 0.848181 0.107277 0.195734
13 0.061481 0.858218 0.116688 0.235885
13 0.237453 0.685069 0.457340 0.150565
13 0.394605 0.525094 0.097867 0.179423
13 0.391782 0.333752 0.094103 0.215809
13 0.050188 0.434128 0.086575 0.326223
13 0.151349 0.420954 0.108218 0.377666
13 0.279329 0.415307 0.098808 0.393977
13 0.206713 0.141782 0.413425 0.183187